2012044
2012028
2012035
2012019
MT14013
2012032
MT14009
MT14003
2012007
2012085
2012106
2012058
2012104
2012168
2012131
2012008
MT14005
2012066
2012054
2012083
2012071
2012073
2012088
2012118
2012115
2012101
2012084
2012038
2012117
2012033
2012117
2012026
2012057
2012056
2012077
2012060
MT14025
MT14070
2012036
2012068
2012053
2012097
2012051
2012055
MT14014
2012107
2012091
2012014
2012003
MT14037
MT14019
2012042
2012030
MT14020
2012023
2012086
2012102
2012112
2012021
MT14029
MT14050
2012013
MT14054
MT14034
MT14089
2012046
2012106
2012050